trade_id,initiator_player_id,counterparty_player_id,start_event_id,start_seq,start_turn,end_event_id,end_seq,end_turn,outcome,censored,counteroffers,offer_revisions,public_exchange_count,initial_offer,initial_request,final_offer,final_request,event_span,turns_to_resolution,accepted,back_and_forth_count
trade-0001,OpenAI GPT 5.5,Claude Opus 4.8,mock-83265-81ed4937-evt-000323,323,25,mock-83265-81ed4937-evt-000328,328,25,REJECTED,False,0,0,1,"{""cash"":0,""get_out_of_jail_cards"":0,""properties"":[""PACIFIC_AVENUE""]}","{""cash"":0,""get_out_of_jail_cards"":0,""properties"":[""VIRGINIA_AVENUE""]}","{""cash"":0,""get_out_of_jail_cards"":0,""properties"":[""PACIFIC_AVENUE""]}","{""cash"":0,""get_out_of_jail_cards"":0,""properties"":[""VIRGINIA_AVENUE""]}",5,0,False,0
trade-0002,OpenAI GPT 5.5,Claude Opus 4.8,mock-83265-81ed4937-evt-000333,333,25,mock-83265-81ed4937-evt-000343,343,25,ACCEPTED,False,1,1,2,"{""cash"":150,""get_out_of_jail_cards"":0,""properties"":[""B_O_RAILROAD""]}","{""cash"":0,""get_out_of_jail_cards"":0,""properties"":[""VIRGINIA_AVENUE""]}","{""cash"":0,""get_out_of_jail_cards"":0,""properties"":[""VIRGINIA_AVENUE""]}","{""cash"":250,""get_out_of_jail_cards"":0,""properties"":[""B_O_RAILROAD""]}",10,0,True,1
trade-0003,OpenAI GPT 5.5,Claude Opus 4.8,mock-83265-81ed4937-evt-000396,396,25,mock-83265-81ed4937-evt-000401,401,25,REJECTED,False,0,0,1,"{""cash"":0,""get_out_of_jail_cards"":0,""properties"":[""PACIFIC_AVENUE""]}","{""cash"":250,""get_out_of_jail_cards"":0,""properties"":[]}","{""cash"":0,""get_out_of_jail_cards"":0,""properties"":[""PACIFIC_AVENUE""]}","{""cash"":250,""get_out_of_jail_cards"":0,""properties"":[]}",5,0,False,0
trade-0004,OpenAI GPT 5.5,Gemini 3.1 Pro Preview,mock-83265-81ed4937-evt-000406,406,25,mock-83265-81ed4937-evt-000431,431,25,ACCEPTED,False,4,4,5,"{""cash"":0,""get_out_of_jail_cards"":0,""properties"":[""PACIFIC_AVENUE""]}","{""cash"":400,""get_out_of_jail_cards"":0,""properties"":[]}","{""cash"":0,""get_out_of_jail_cards"":0,""properties"":[""PACIFIC_AVENUE""]}","{""cash"":250,""get_out_of_jail_cards"":0,""properties"":[]}",25,0,True,4
trade-0005,OpenAI GPT 5.5,Grok 4.3,mock-83265-81ed4937-evt-000447,447,25,mock-83265-81ed4937-evt-000452,452,25,REJECTED,False,0,0,1,"{""cash"":0,""get_out_of_jail_cards"":0,""properties"":[""BALTIC_AVENUE""]}","{""cash"":50,""get_out_of_jail_cards"":0,""properties"":[]}","{""cash"":0,""get_out_of_jail_cards"":0,""properties"":[""BALTIC_AVENUE""]}","{""cash"":50,""get_out_of_jail_cards"":0,""properties"":[]}",5,0,False,0
trade-0006,OpenAI GPT 5.5,Grok 4.3,mock-83265-81ed4937-evt-000457,457,25,mock-83265-81ed4937-evt-000462,462,25,REJECTED,False,0,0,1,"{""cash"":0,""get_out_of_jail_cards"":0,""properties"":[""NEW_YORK_AVENUE""]}","{""cash"":150,""get_out_of_jail_cards"":0,""properties"":[]}","{""cash"":0,""get_out_of_jail_cards"":0,""properties"":[""NEW_YORK_AVENUE""]}","{""cash"":150,""get_out_of_jail_cards"":0,""properties"":[]}",5,0,False,0
trade-0007,OpenAI GPT 5.5,Claude Opus 4.8,mock-83265-81ed4937-evt-000467,467,25,mock-83265-81ed4937-evt-000472,472,25,REJECTED,False,0,0,1,"{""cash"":0,""get_out_of_jail_cards"":0,""properties"":[""NEW_YORK_AVENUE""]}","{""cash"":125,""get_out_of_jail_cards"":0,""properties"":[]}","{""cash"":0,""get_out_of_jail_cards"":0,""properties"":[""NEW_YORK_AVENUE""]}","{""cash"":125,""get_out_of_jail_cards"":0,""properties"":[]}",5,0,False,0
trade-0008,OpenAI GPT 5.5,Gemini 3.1 Pro Preview,mock-83265-81ed4937-evt-000477,477,25,mock-83265-81ed4937-evt-000482,482,25,ACCEPTED,False,0,0,1,"{""cash"":0,""get_out_of_jail_cards"":0,""properties"":[""NEW_YORK_AVENUE""]}","{""cash"":100,""get_out_of_jail_cards"":0,""properties"":[]}","{""cash"":0,""get_out_of_jail_cards"":0,""properties"":[""NEW_YORK_AVENUE""]}","{""cash"":100,""get_out_of_jail_cards"":0,""properties"":[]}",5,0,True,0
trade-0009,OpenAI GPT 5.5,Gemini 3.1 Pro Preview,mock-83265-81ed4937-evt-000497,497,25,mock-83265-81ed4937-evt-000502,502,25,ACCEPTED,False,0,0,1,"{""cash"":0,""get_out_of_jail_cards"":0,""properties"":[""BALTIC_AVENUE""]}","{""cash"":30,""get_out_of_jail_cards"":0,""properties"":[]}","{""cash"":0,""get_out_of_jail_cards"":0,""properties"":[""BALTIC_AVENUE""]}","{""cash"":30,""get_out_of_jail_cards"":0,""properties"":[]}",5,0,True,0
trade-0010,Claude Opus 4.8,Gemini 3.1 Pro Preview,mock-83265-81ed4937-evt-000667,667,33,mock-83265-81ed4937-evt-000672,672,33,REJECTED,False,0,0,1,"{""cash"":150,""get_out_of_jail_cards"":0,""properties"":[]}","{""cash"":0,""get_out_of_jail_cards"":0,""properties"":[""CONNECTICUT_AVENUE""]}","{""cash"":150,""get_out_of_jail_cards"":0,""properties"":[]}","{""cash"":0,""get_out_of_jail_cards"":0,""properties"":[""CONNECTICUT_AVENUE""]}",5,0,False,0
trade-0011,Gemini 3.1 Pro Preview,Claude Opus 4.8,mock-83265-81ed4937-evt-000696,696,35,mock-83265-81ed4937-evt-000716,716,35,ACCEPTED,False,3,3,4,"{""cash"":0,""get_out_of_jail_cards"":0,""properties"":[""CONNECTICUT_AVENUE""]}","{""cash"":350,""get_out_of_jail_cards"":0,""properties"":[]}","{""cash"":280,""get_out_of_jail_cards"":0,""properties"":[]}","{""cash"":0,""get_out_of_jail_cards"":0,""properties"":[""CONNECTICUT_AVENUE""]}",20,0,True,3
trade-0012,OpenAI GPT 5.5,Claude Opus 4.8,mock-83265-81ed4937-evt-000920,920,41,mock-83265-81ed4937-evt-000925,925,41,REJECTED,False,0,0,1,"{""cash"":0,""get_out_of_jail_cards"":0,""properties"":[""WATER_WORKS""]}","{""cash"":50,""get_out_of_jail_cards"":0,""properties"":[]}","{""cash"":0,""get_out_of_jail_cards"":0,""properties"":[""WATER_WORKS""]}","{""cash"":50,""get_out_of_jail_cards"":0,""properties"":[]}",5,0,False,0
trade-0013,OpenAI GPT 5.5,Grok 4.3,mock-83265-81ed4937-evt-000936,936,41,mock-83265-81ed4937-evt-000941,941,41,REJECTED,False,0,0,1,"{""cash"":0,""get_out_of_jail_cards"":0,""properties"":[""WATER_WORKS""]}","{""cash"":60,""get_out_of_jail_cards"":0,""properties"":[]}","{""cash"":0,""get_out_of_jail_cards"":0,""properties"":[""WATER_WORKS""]}","{""cash"":60,""get_out_of_jail_cards"":0,""properties"":[]}",5,0,False,0
trade-0014,OpenAI GPT 5.5,Gemini 3.1 Pro Preview,mock-83265-81ed4937-evt-000946,946,41,mock-83265-81ed4937-evt-000951,951,41,REJECTED,False,0,0,1,"{""cash"":0,""get_out_of_jail_cards"":0,""properties"":[""WATER_WORKS""]}","{""cash"":40,""get_out_of_jail_cards"":0,""properties"":[]}","{""cash"":0,""get_out_of_jail_cards"":0,""properties"":[""WATER_WORKS""]}","{""cash"":40,""get_out_of_jail_cards"":0,""properties"":[]}",5,0,False,0
trade-0015,OpenAI GPT 5.5,Grok 4.3,mock-83265-81ed4937-evt-000956,956,41,mock-83265-81ed4937-evt-000961,961,41,REJECTED,False,0,0,1,"{""cash"":0,""get_out_of_jail_cards"":0,""properties"":[""WATER_WORKS""]}","{""cash"":25,""get_out_of_jail_cards"":0,""properties"":[]}","{""cash"":0,""get_out_of_jail_cards"":0,""properties"":[""WATER_WORKS""]}","{""cash"":25,""get_out_of_jail_cards"":0,""properties"":[]}",5,0,False,0
trade-0016,OpenAI GPT 5.5,Grok 4.3,mock-83265-81ed4937-evt-001157,1157,46,mock-83265-81ed4937-evt-001162,1162,46,REJECTED,False,0,0,1,"{""cash"":0,""get_out_of_jail_cards"":0,""properties"":[""WATER_WORKS""]}","{""cash"":45,""get_out_of_jail_cards"":0,""properties"":[]}","{""cash"":0,""get_out_of_jail_cards"":0,""properties"":[""WATER_WORKS""]}","{""cash"":45,""get_out_of_jail_cards"":0,""properties"":[]}",5,0,False,0
trade-0017,OpenAI GPT 5.5,Gemini 3.1 Pro Preview,mock-83265-81ed4937-evt-001167,1167,46,mock-83265-81ed4937-evt-001172,1172,46,REJECTED,False,0,0,1,"{""cash"":0,""get_out_of_jail_cards"":0,""properties"":[""WATER_WORKS""]}","{""cash"":25,""get_out_of_jail_cards"":0,""properties"":[]}","{""cash"":0,""get_out_of_jail_cards"":0,""properties"":[""WATER_WORKS""]}","{""cash"":25,""get_out_of_jail_cards"":0,""properties"":[]}",5,0,False,0
trade-0018,OpenAI GPT 5.5,Grok 4.3,mock-83265-81ed4937-evt-001277,1277,50,mock-83265-81ed4937-evt-001282,1282,50,REJECTED,False,0,0,1,"{""cash"":0,""get_out_of_jail_cards"":1,""properties"":[""WATER_WORKS""]}","{""cash"":100,""get_out_of_jail_cards"":0,""properties"":[]}","{""cash"":0,""get_out_of_jail_cards"":1,""properties"":[""WATER_WORKS""]}","{""cash"":100,""get_out_of_jail_cards"":0,""properties"":[]}",5,0,False,0
trade-0019,OpenAI GPT 5.5,Grok 4.3,mock-83265-81ed4937-evt-001287,1287,50,mock-83265-81ed4937-evt-001292,1292,50,REJECTED,False,0,0,1,"{""cash"":0,""get_out_of_jail_cards"":1,""properties"":[]}","{""cash"":50,""get_out_of_jail_cards"":0,""properties"":[]}","{""cash"":0,""get_out_of_jail_cards"":1,""properties"":[]}","{""cash"":50,""get_out_of_jail_cards"":0,""properties"":[]}",5,0,False,0
trade-0020,OpenAI GPT 5.5,Gemini 3.1 Pro Preview,mock-83265-81ed4937-evt-001297,1297,50,mock-83265-81ed4937-evt-001302,1302,50,REJECTED,False,0,0,1,"{""cash"":0,""get_out_of_jail_cards"":1,""properties"":[]}","{""cash"":35,""get_out_of_jail_cards"":0,""properties"":[]}","{""cash"":0,""get_out_of_jail_cards"":1,""properties"":[]}","{""cash"":35,""get_out_of_jail_cards"":0,""properties"":[]}",5,0,False,0
trade-0021,OpenAI GPT 5.5,Grok 4.3,mock-83265-81ed4937-evt-001307,1307,50,mock-83265-81ed4937-evt-001312,1312,50,REJECTED,False,0,0,1,"{""cash"":0,""get_out_of_jail_cards"":0,""properties"":[""WATER_WORKS""]}","{""cash"":25,""get_out_of_jail_cards"":0,""properties"":[]}","{""cash"":0,""get_out_of_jail_cards"":0,""properties"":[""WATER_WORKS""]}","{""cash"":25,""get_out_of_jail_cards"":0,""properties"":[]}",5,0,False,0
trade-0022,OpenAI GPT 5.5,Claude Opus 4.8,mock-83265-81ed4937-evt-001317,1317,50,mock-83265-81ed4937-evt-001322,1322,50,REJECTED,False,0,0,1,"{""cash"":0,""get_out_of_jail_cards"":1,""properties"":[]}","{""cash"":25,""get_out_of_jail_cards"":0,""properties"":[]}","{""cash"":0,""get_out_of_jail_cards"":1,""properties"":[]}","{""cash"":25,""get_out_of_jail_cards"":0,""properties"":[]}",5,0,False,0
trade-0023,OpenAI GPT 5.5,Gemini 3.1 Pro Preview,mock-83265-81ed4937-evt-001874,1874,79,mock-83265-81ed4937-evt-001899,1899,79,ACCEPTED,False,4,4,5,"{""cash"":110,""get_out_of_jail_cards"":0,""properties"":[]}","{""cash"":0,""get_out_of_jail_cards"":0,""properties"":[""NEW_YORK_AVENUE""]}","{""cash"":200,""get_out_of_jail_cards"":0,""properties"":[]}","{""cash"":0,""get_out_of_jail_cards"":0,""properties"":[""NEW_YORK_AVENUE""]}",25,0,True,4
trade-0024,OpenAI GPT 5.5,Grok 4.3,mock-83265-81ed4937-evt-001908,1908,79,mock-83265-81ed4937-evt-001928,1928,79,ACCEPTED,False,3,3,4,"{""cash"":180,""get_out_of_jail_cards"":0,""properties"":[]}","{""cash"":0,""get_out_of_jail_cards"":0,""properties"":[""ST_JAMES_PLACE""]}","{""cash"":0,""get_out_of_jail_cards"":0,""properties"":[""ST_JAMES_PLACE""]}","{""cash"":270,""get_out_of_jail_cards"":0,""properties"":[]}",20,0,True,3
trade-0025,OpenAI GPT 5.5,Claude Opus 4.8,mock-83265-81ed4937-evt-001937,1937,79,mock-83265-81ed4937-evt-001942,1942,79,REJECTED,False,0,0,1,"{""cash"":200,""get_out_of_jail_cards"":0,""properties"":[]}","{""cash"":0,""get_out_of_jail_cards"":0,""properties"":[""TENNESSEE_AVENUE""]}","{""cash"":200,""get_out_of_jail_cards"":0,""properties"":[]}","{""cash"":0,""get_out_of_jail_cards"":0,""properties"":[""TENNESSEE_AVENUE""]}",5,0,False,0
trade-0026,OpenAI GPT 5.5,Claude Opus 4.8,mock-83265-81ed4937-evt-001947,1947,79,mock-83265-81ed4937-evt-001952,1952,79,REJECTED,False,0,0,1,"{""cash"":350,""get_out_of_jail_cards"":1,""properties"":[]}","{""cash"":0,""get_out_of_jail_cards"":0,""properties"":[""TENNESSEE_AVENUE""]}","{""cash"":350,""get_out_of_jail_cards"":1,""properties"":[]}","{""cash"":0,""get_out_of_jail_cards"":0,""properties"":[""TENNESSEE_AVENUE""]}",5,0,False,0
trade-0027,OpenAI GPT 5.5,Claude Opus 4.8,mock-83265-81ed4937-evt-001963,1963,79,mock-83265-81ed4937-evt-001968,1968,79,REJECTED,False,0,0,1,"{""cash"":600,""get_out_of_jail_cards"":1,""properties"":[]}","{""cash"":0,""get_out_of_jail_cards"":0,""properties"":[""TENNESSEE_AVENUE""]}","{""cash"":600,""get_out_of_jail_cards"":1,""properties"":[]}","{""cash"":0,""get_out_of_jail_cards"":0,""properties"":[""TENNESSEE_AVENUE""]}",5,0,False,0
trade-0028,OpenAI GPT 5.5,Claude Opus 4.8,mock-83265-81ed4937-evt-001979,1979,79,mock-83265-81ed4937-evt-001984,1984,79,REJECTED,False,0,0,1,"{""cash"":450,""get_out_of_jail_cards"":1,""properties"":[]}","{""cash"":0,""get_out_of_jail_cards"":0,""properties"":[""KENTUCKY_AVENUE"",""ILLINOIS_AVENUE""]}","{""cash"":450,""get_out_of_jail_cards"":1,""properties"":[]}","{""cash"":0,""get_out_of_jail_cards"":0,""properties"":[""KENTUCKY_AVENUE"",""ILLINOIS_AVENUE""]}",5,0,False,0
trade-0029,OpenAI GPT 5.5,Gemini 3.1 Pro Preview,mock-83265-81ed4937-evt-001989,1989,79,mock-83265-81ed4937-evt-001994,1994,79,REJECTED,False,0,0,1,"{""cash"":350,""get_out_of_jail_cards"":1,""properties"":[]}","{""cash"":0,""get_out_of_jail_cards"":0,""properties"":[""PARK_PLACE"",""BOARDWALK""]}","{""cash"":350,""get_out_of_jail_cards"":1,""properties"":[]}","{""cash"":0,""get_out_of_jail_cards"":0,""properties"":[""PARK_PLACE"",""BOARDWALK""]}",5,0,False,0
trade-0030,OpenAI GPT 5.5,Claude Opus 4.8,mock-83265-81ed4937-evt-001999,1999,79,mock-83265-81ed4937-evt-002024,2024,79,ACCEPTED,False,4,4,5,"{""cash"":250,""get_out_of_jail_cards"":1,""properties"":[]}","{""cash"":0,""get_out_of_jail_cards"":0,""properties"":[""MARVIN_GARDENS""]}","{""cash"":300,""get_out_of_jail_cards"":1,""properties"":[]}","{""cash"":0,""get_out_of_jail_cards"":0,""properties"":[""MARVIN_GARDENS""]}",25,0,True,4
trade-0031,OpenAI GPT 5.5,Grok 4.3,mock-83265-81ed4937-evt-002039,2039,79,mock-83265-81ed4937-evt-002044,2044,79,REJECTED,False,0,0,1,"{""cash"":300,""get_out_of_jail_cards"":0,""properties"":[""READING_RAILROAD"",""ELECTRIC_COMPANY"",""WATER_WORKS""]}","{""cash"":0,""get_out_of_jail_cards"":0,""properties"":[""ATLANTIC_AVENUE"",""VENTNOR_AVENUE""]}","{""cash"":300,""get_out_of_jail_cards"":0,""properties"":[""READING_RAILROAD"",""ELECTRIC_COMPANY"",""WATER_WORKS""]}","{""cash"":0,""get_out_of_jail_cards"":0,""properties"":[""ATLANTIC_AVENUE"",""VENTNOR_AVENUE""]}",5,0,False,0
trade-0032,OpenAI GPT 5.5,Claude Opus 4.8,mock-83265-81ed4937-evt-002049,2049,79,mock-83265-81ed4937-evt-002054,2054,79,REJECTED,False,0,0,1,"{""cash"":400,""get_out_of_jail_cards"":1,""properties"":[""MARVIN_GARDENS""]}","{""cash"":0,""get_out_of_jail_cards"":0,""properties"":[""TENNESSEE_AVENUE""]}","{""cash"":400,""get_out_of_jail_cards"":1,""properties"":[""MARVIN_GARDENS""]}","{""cash"":0,""get_out_of_jail_cards"":0,""properties"":[""TENNESSEE_AVENUE""]}",5,0,False,0
trade-0033,OpenAI GPT 5.5,Grok 4.3,mock-83265-81ed4937-evt-002059,2059,79,mock-83265-81ed4937-evt-002064,2064,79,REJECTED,False,0,0,1,"{""cash"":500,""get_out_of_jail_cards"":0,""properties"":[""READING_RAILROAD"",""ELECTRIC_COMPANY"",""WATER_WORKS""]}","{""cash"":0,""get_out_of_jail_cards"":0,""properties"":[""ATLANTIC_AVENUE"",""VENTNOR_AVENUE""]}","{""cash"":500,""get_out_of_jail_cards"":0,""properties"":[""READING_RAILROAD"",""ELECTRIC_COMPANY"",""WATER_WORKS""]}","{""cash"":0,""get_out_of_jail_cards"":0,""properties"":[""ATLANTIC_AVENUE"",""VENTNOR_AVENUE""]}",5,0,False,0
trade-0034,OpenAI GPT 5.5,Gemini 3.1 Pro Preview,mock-83265-81ed4937-evt-002069,2069,79,mock-83265-81ed4937-evt-002094,2094,79,ACCEPTED,False,4,4,5,"{""cash"":300,""get_out_of_jail_cards"":0,""properties"":[""ELECTRIC_COMPANY"",""WATER_WORKS""]}","{""cash"":0,""get_out_of_jail_cards"":0,""properties"":[""PACIFIC_AVENUE"",""NORTH_CAROLINA_AVENUE""]}","{""cash"":400,""get_out_of_jail_cards"":0,""properties"":[""ELECTRIC_COMPANY"",""WATER_WORKS""]}","{""cash"":0,""get_out_of_jail_cards"":0,""properties"":[""PACIFIC_AVENUE"",""NORTH_CAROLINA_AVENUE""]}",25,0,True,4
trade-0035,OpenAI GPT 5.5,Grok 4.3,mock-83265-81ed4937-evt-002105,2105,79,mock-83265-81ed4937-evt-002110,2110,79,REJECTED,False,0,0,1,"{""cash"":0,""get_out_of_jail_cards"":0,""properties"":[""PACIFIC_AVENUE"",""NORTH_CAROLINA_AVENUE"",""READING_RAILROAD""]}","{""cash"":0,""get_out_of_jail_cards"":0,""properties"":[""ATLANTIC_AVENUE"",""VENTNOR_AVENUE""]}","{""cash"":0,""get_out_of_jail_cards"":0,""properties"":[""PACIFIC_AVENUE"",""NORTH_CAROLINA_AVENUE"",""READING_RAILROAD""]}","{""cash"":0,""get_out_of_jail_cards"":0,""properties"":[""ATLANTIC_AVENUE"",""VENTNOR_AVENUE""]}",5,0,False,0
trade-0036,OpenAI GPT 5.5,Claude Opus 4.8,mock-83265-81ed4937-evt-002115,2115,79,mock-83265-81ed4937-evt-002120,2120,79,REJECTED,False,0,0,1,"{""cash"":0,""get_out_of_jail_cards"":0,""properties"":[""INDIANA_AVENUE""]}","{""cash"":0,""get_out_of_jail_cards"":0,""properties"":[""TENNESSEE_AVENUE""]}","{""cash"":0,""get_out_of_jail_cards"":0,""properties"":[""INDIANA_AVENUE""]}","{""cash"":0,""get_out_of_jail_cards"":0,""properties"":[""TENNESSEE_AVENUE""]}",5,0,False,0
trade-0037,OpenAI GPT 5.5,Claude Opus 4.8,mock-83265-81ed4937-evt-002125,2125,79,mock-83265-81ed4937-evt-002130,2130,79,REJECTED,False,0,0,1,"{""cash"":0,""get_out_of_jail_cards"":0,""properties"":[""INDIANA_AVENUE"",""PACIFIC_AVENUE"",""NORTH_CAROLINA_AVENUE""]}","{""cash"":0,""get_out_of_jail_cards"":0,""properties"":[""TENNESSEE_AVENUE""]}","{""cash"":0,""get_out_of_jail_cards"":0,""properties"":[""INDIANA_AVENUE"",""PACIFIC_AVENUE"",""NORTH_CAROLINA_AVENUE""]}","{""cash"":0,""get_out_of_jail_cards"":0,""properties"":[""TENNESSEE_AVENUE""]}",5,0,False,0
trade-0038,OpenAI GPT 5.5,Gemini 3.1 Pro Preview,mock-83265-81ed4937-evt-002198,2198,84,mock-83265-81ed4937-evt-002203,2203,84,REJECTED,False,0,0,1,"{""cash"":250,""get_out_of_jail_cards"":0,""properties"":[""PACIFIC_AVENUE"",""NORTH_CAROLINA_AVENUE"",""READING_RAILROAD""]}","{""cash"":0,""get_out_of_jail_cards"":0,""properties"":[""PARK_PLACE"",""BOARDWALK""]}","{""cash"":250,""get_out_of_jail_cards"":0,""properties"":[""PACIFIC_AVENUE"",""NORTH_CAROLINA_AVENUE"",""READING_RAILROAD""]}","{""cash"":0,""get_out_of_jail_cards"":0,""properties"":[""PARK_PLACE"",""BOARDWALK""]}",5,0,False,0
trade-0039,OpenAI GPT 5.5,Claude Opus 4.8,mock-83265-81ed4937-evt-002275,2275,88,mock-83265-81ed4937-evt-002280,2280,88,REJECTED,False,0,0,1,"{""cash"":350,""get_out_of_jail_cards"":0,""properties"":[]}","{""cash"":0,""get_out_of_jail_cards"":0,""properties"":[""TENNESSEE_AVENUE""]}","{""cash"":350,""get_out_of_jail_cards"":0,""properties"":[]}","{""cash"":0,""get_out_of_jail_cards"":0,""properties"":[""TENNESSEE_AVENUE""]}",5,0,False,0
trade-0040,OpenAI GPT 5.5,Gemini 3.1 Pro Preview,mock-83265-81ed4937-evt-002285,2285,88,mock-83265-81ed4937-evt-002310,2310,88,ACCEPTED,False,4,4,5,"{""cash"":0,""get_out_of_jail_cards"":1,""properties"":[""READING_RAILROAD""]}","{""cash"":0,""get_out_of_jail_cards"":0,""properties"":[""MEDITERRANEAN_AVENUE"",""BALTIC_AVENUE""]}","{""cash"":350,""get_out_of_jail_cards"":0,""properties"":[]}","{""cash"":0,""get_out_of_jail_cards"":0,""properties"":[""MEDITERRANEAN_AVENUE"",""BALTIC_AVENUE""]}",25,0,True,4
trade-0041,OpenAI GPT 5.5,Grok 4.3,mock-83265-81ed4937-evt-002369,2369,88,mock-83265-81ed4937-evt-002374,2374,88,REJECTED,False,0,0,1,"{""cash"":0,""get_out_of_jail_cards"":0,""properties"":[""NORTH_CAROLINA_AVENUE"",""READING_RAILROAD""]}","{""cash"":0,""get_out_of_jail_cards"":0,""properties"":[""ATLANTIC_AVENUE"",""VENTNOR_AVENUE""]}","{""cash"":0,""get_out_of_jail_cards"":0,""properties"":[""NORTH_CAROLINA_AVENUE"",""READING_RAILROAD""]}","{""cash"":0,""get_out_of_jail_cards"":0,""properties"":[""ATLANTIC_AVENUE"",""VENTNOR_AVENUE""]}",5,0,False,0
trade-0042,OpenAI GPT 5.5,Claude Opus 4.8,mock-83265-81ed4937-evt-002518,2518,99,mock-83265-81ed4937-evt-002523,2523,99,REJECTED,False,0,0,1,"{""cash"":100,""get_out_of_jail_cards"":0,""properties"":[""INDIANA_AVENUE""]}","{""cash"":0,""get_out_of_jail_cards"":0,""properties"":[""TENNESSEE_AVENUE""]}","{""cash"":100,""get_out_of_jail_cards"":0,""properties"":[""INDIANA_AVENUE""]}","{""cash"":0,""get_out_of_jail_cards"":0,""properties"":[""TENNESSEE_AVENUE""]}",5,0,False,0
trade-0043,OpenAI GPT 5.5,Grok 4.3,mock-83265-81ed4937-evt-002528,2528,99,mock-83265-81ed4937-evt-002533,2533,99,REJECTED,False,0,0,1,"{""cash"":400,""get_out_of_jail_cards"":0,""properties"":[]}","{""cash"":0,""get_out_of_jail_cards"":0,""properties"":[""ATLANTIC_AVENUE"",""VENTNOR_AVENUE""]}","{""cash"":400,""get_out_of_jail_cards"":0,""properties"":[]}","{""cash"":0,""get_out_of_jail_cards"":0,""properties"":[""ATLANTIC_AVENUE"",""VENTNOR_AVENUE""]}",5,0,False,0
trade-0044,OpenAI GPT 5.5,Claude Opus 4.8,mock-83265-81ed4937-evt-002652,2652,105,mock-83265-81ed4937-evt-002657,2657,105,REJECTED,False,0,0,1,"{""cash"":500,""get_out_of_jail_cards"":0,""properties"":[]}","{""cash"":0,""get_out_of_jail_cards"":0,""properties"":[""TENNESSEE_AVENUE""]}","{""cash"":500,""get_out_of_jail_cards"":0,""properties"":[]}","{""cash"":0,""get_out_of_jail_cards"":0,""properties"":[""TENNESSEE_AVENUE""]}",5,0,False,0
trade-0045,OpenAI GPT 5.5,Grok 4.3,mock-83265-81ed4937-evt-002662,2662,105,mock-83265-81ed4937-evt-002667,2667,105,REJECTED,False,0,0,1,"{""cash"":500,""get_out_of_jail_cards"":0,""properties"":[]}","{""cash"":0,""get_out_of_jail_cards"":0,""properties"":[""ATLANTIC_AVENUE"",""VENTNOR_AVENUE""]}","{""cash"":500,""get_out_of_jail_cards"":0,""properties"":[]}","{""cash"":0,""get_out_of_jail_cards"":0,""properties"":[""ATLANTIC_AVENUE"",""VENTNOR_AVENUE""]}",5,0,False,0
trade-0046,OpenAI GPT 5.5,Gemini 3.1 Pro Preview,mock-83265-81ed4937-evt-002672,2672,105,mock-83265-81ed4937-evt-002677,2677,105,REJECTED,False,0,0,1,"{""cash"":600,""get_out_of_jail_cards"":0,""properties"":[]}","{""cash"":0,""get_out_of_jail_cards"":0,""properties"":[""PARK_PLACE"",""BOARDWALK""]}","{""cash"":600,""get_out_of_jail_cards"":0,""properties"":[]}","{""cash"":0,""get_out_of_jail_cards"":0,""properties"":[""PARK_PLACE"",""BOARDWALK""]}",5,0,False,0
trade-0047,OpenAI GPT 5.5,Grok 4.3,mock-83265-81ed4937-evt-002694,2694,105,mock-83265-81ed4937-evt-002699,2699,105,REJECTED,False,0,0,1,"{""cash"":400,""get_out_of_jail_cards"":0,""properties"":[]}","{""cash"":0,""get_out_of_jail_cards"":0,""properties"":[""PENNSYLVANIA_RAILROAD"",""SHORT_LINE""]}","{""cash"":400,""get_out_of_jail_cards"":0,""properties"":[]}","{""cash"":0,""get_out_of_jail_cards"":0,""properties"":[""PENNSYLVANIA_RAILROAD"",""SHORT_LINE""]}",5,0,False,0
trade-0048,Gemini 3.1 Pro Preview,Claude Opus 4.8,mock-83265-81ed4937-evt-002784,2784,108,mock-83265-81ed4937-evt-002789,2789,108,REJECTED,False,0,0,1,"{""cash"":0,""get_out_of_jail_cards"":0,""properties"":[""PARK_PLACE"",""BOARDWALK""]}","{""cash"":400,""get_out_of_jail_cards"":0,""properties"":[]}","{""cash"":0,""get_out_of_jail_cards"":0,""properties"":[""PARK_PLACE"",""BOARDWALK""]}","{""cash"":400,""get_out_of_jail_cards"":0,""properties"":[]}",5,0,False,0
trade-0049,OpenAI GPT 5.5,Gemini 3.1 Pro Preview,mock-83265-81ed4937-evt-002890,2890,116,mock-83265-81ed4937-evt-002895,2895,116,REJECTED,False,0,0,1,"{""cash"":0,""get_out_of_jail_cards"":1,""properties"":[]}","{""cash"":75,""get_out_of_jail_cards"":0,""properties"":[]}","{""cash"":0,""get_out_of_jail_cards"":1,""properties"":[]}","{""cash"":75,""get_out_of_jail_cards"":0,""properties"":[]}",5,0,False,0
trade-0050,OpenAI GPT 5.5,Gemini 3.1 Pro Preview,mock-83265-81ed4937-evt-002907,2907,116,mock-83265-81ed4937-evt-002912,2912,116,REJECTED,False,0,0,1,"{""cash"":0,""get_out_of_jail_cards"":1,""properties"":[]}","{""cash"":40,""get_out_of_jail_cards"":0,""properties"":[]}","{""cash"":0,""get_out_of_jail_cards"":1,""properties"":[]}","{""cash"":40,""get_out_of_jail_cards"":0,""properties"":[]}",5,0,False,0
trade-0051,OpenAI GPT 5.5,Claude Opus 4.8,mock-83265-81ed4937-evt-002917,2917,116,mock-83265-81ed4937-evt-002922,2922,116,REJECTED,False,0,0,1,"{""cash"":0,""get_out_of_jail_cards"":1,""properties"":[]}","{""cash"":75,""get_out_of_jail_cards"":0,""properties"":[]}","{""cash"":0,""get_out_of_jail_cards"":1,""properties"":[]}","{""cash"":75,""get_out_of_jail_cards"":0,""properties"":[]}",5,0,False,0
trade-0052,OpenAI GPT 5.5,Gemini 3.1 Pro Preview,mock-83265-81ed4937-evt-002969,2969,119,mock-83265-81ed4937-evt-002974,2974,119,REJECTED,False,0,0,1,"{""cash"":109,""get_out_of_jail_cards"":0,""properties"":[]}","{""cash"":0,""get_out_of_jail_cards"":0,""properties"":[""PARK_PLACE"",""BOARDWALK""]}","{""cash"":109,""get_out_of_jail_cards"":0,""properties"":[]}","{""cash"":0,""get_out_of_jail_cards"":0,""properties"":[""PARK_PLACE"",""BOARDWALK""]}",5,0,False,0
trade-0053,OpenAI GPT 5.5,Gemini 3.1 Pro Preview,mock-83265-81ed4937-evt-002979,2979,119,mock-83265-81ed4937-evt-002984,2984,119,REJECTED,False,0,0,1,"{""cash"":109,""get_out_of_jail_cards"":1,""properties"":[""READING_RAILROAD"",""PENNSYLVANIA_RAILROAD""]}","{""cash"":0,""get_out_of_jail_cards"":0,""properties"":[""PARK_PLACE"",""BOARDWALK""]}","{""cash"":109,""get_out_of_jail_cards"":1,""properties"":[""READING_RAILROAD"",""PENNSYLVANIA_RAILROAD""]}","{""cash"":0,""get_out_of_jail_cards"":0,""properties"":[""PARK_PLACE"",""BOARDWALK""]}",5,0,False,0
trade-0054,OpenAI GPT 5.5,Gemini 3.1 Pro Preview,mock-83265-81ed4937-evt-002989,2989,119,mock-83265-81ed4937-evt-002994,2994,119,REJECTED,False,0,0,1,"{""cash"":75,""get_out_of_jail_cards"":1,""properties"":[""READING_RAILROAD"",""PENNSYLVANIA_RAILROAD""]}","{""cash"":0,""get_out_of_jail_cards"":0,""properties"":[""BOARDWALK""]}","{""cash"":75,""get_out_of_jail_cards"":1,""properties"":[""READING_RAILROAD"",""PENNSYLVANIA_RAILROAD""]}","{""cash"":0,""get_out_of_jail_cards"":0,""properties"":[""BOARDWALK""]}",5,0,False,0
trade-0055,Gemini 3.1 Pro Preview,Claude Opus 4.8,mock-83265-81ed4937-evt-003024,3024,122,mock-83265-81ed4937-evt-003029,3029,122,REJECTED,False,0,0,1,"{""cash"":0,""get_out_of_jail_cards"":0,""properties"":[""PARK_PLACE"",""BOARDWALK""]}","{""cash"":700,""get_out_of_jail_cards"":0,""properties"":[]}","{""cash"":0,""get_out_of_jail_cards"":0,""properties"":[""PARK_PLACE"",""BOARDWALK""]}","{""cash"":700,""get_out_of_jail_cards"":0,""properties"":[]}",5,0,False,0
trade-0056,OpenAI GPT 5.5,Gemini 3.1 Pro Preview,mock-83265-81ed4937-evt-003042,3042,123,mock-83265-81ed4937-evt-003047,3047,123,REJECTED,False,0,0,1,"{""cash"":109,""get_out_of_jail_cards"":1,""properties"":[""READING_RAILROAD"",""PENNSYLVANIA_RAILROAD"",""SHORT_LINE""]}","{""cash"":0,""get_out_of_jail_cards"":0,""properties"":[""PARK_PLACE"",""BOARDWALK""]}","{""cash"":109,""get_out_of_jail_cards"":1,""properties"":[""READING_RAILROAD"",""PENNSYLVANIA_RAILROAD"",""SHORT_LINE""]}","{""cash"":0,""get_out_of_jail_cards"":0,""properties"":[""PARK_PLACE"",""BOARDWALK""]}",5,0,False,0
trade-0057,OpenAI GPT 5.5,Gemini 3.1 Pro Preview,mock-83265-81ed4937-evt-003052,3052,123,mock-83265-81ed4937-evt-003057,3057,123,REJECTED,False,0,0,1,"{""cash"":0,""get_out_of_jail_cards"":1,""properties"":[]}","{""cash"":75,""get_out_of_jail_cards"":0,""properties"":[]}","{""cash"":0,""get_out_of_jail_cards"":1,""properties"":[]}","{""cash"":75,""get_out_of_jail_cards"":0,""properties"":[]}",5,0,False,0
trade-0058,OpenAI GPT 5.5,Claude Opus 4.8,mock-83265-81ed4937-evt-003062,3062,123,mock-83265-81ed4937-evt-003067,3067,123,REJECTED,False,0,0,1,"{""cash"":0,""get_out_of_jail_cards"":1,""properties"":[""READING_RAILROAD"",""PENNSYLVANIA_RAILROAD"",""SHORT_LINE""]}","{""cash"":0,""get_out_of_jail_cards"":0,""properties"":[""TENNESSEE_AVENUE""]}","{""cash"":0,""get_out_of_jail_cards"":1,""properties"":[""READING_RAILROAD"",""PENNSYLVANIA_RAILROAD"",""SHORT_LINE""]}","{""cash"":0,""get_out_of_jail_cards"":0,""properties"":[""TENNESSEE_AVENUE""]}",5,0,False,0
trade-0059,OpenAI GPT 5.5,Gemini 3.1 Pro Preview,mock-83265-81ed4937-evt-003081,3081,124,mock-83265-81ed4937-evt-003086,3086,124,REJECTED,False,0,0,1,"{""cash"":0,""get_out_of_jail_cards"":1,""properties"":[]}","{""cash"":25,""get_out_of_jail_cards"":0,""properties"":[]}","{""cash"":0,""get_out_of_jail_cards"":1,""properties"":[]}","{""cash"":25,""get_out_of_jail_cards"":0,""properties"":[]}",5,0,False,0
trade-0060,OpenAI GPT 5.5,Claude Opus 4.8,mock-83265-81ed4937-evt-003091,3091,124,mock-83265-81ed4937-evt-003096,3096,124,REJECTED,False,0,0,1,"{""cash"":0,""get_out_of_jail_cards"":1,""properties"":[]}","{""cash"":25,""get_out_of_jail_cards"":0,""properties"":[]}","{""cash"":0,""get_out_of_jail_cards"":1,""properties"":[]}","{""cash"":25,""get_out_of_jail_cards"":0,""properties"":[]}",5,0,False,0
trade-0061,OpenAI GPT 5.5,Claude Opus 4.8,mock-83265-81ed4937-evt-003324,3324,142,mock-83265-81ed4937-evt-003329,3329,142,REJECTED,False,0,0,1,"{""cash"":0,""get_out_of_jail_cards"":1,""properties"":[]}","{""cash"":75,""get_out_of_jail_cards"":0,""properties"":[]}","{""cash"":0,""get_out_of_jail_cards"":1,""properties"":[]}","{""cash"":75,""get_out_of_jail_cards"":0,""properties"":[]}",5,0,False,0
trade-0062,OpenAI GPT 5.5,Claude Opus 4.8,mock-83265-81ed4937-evt-003334,3334,142,mock-83265-81ed4937-evt-003339,3339,142,REJECTED,False,0,0,1,"{""cash"":0,""get_out_of_jail_cards"":1,""properties"":[]}","{""cash"":40,""get_out_of_jail_cards"":0,""properties"":[]}","{""cash"":0,""get_out_of_jail_cards"":1,""properties"":[]}","{""cash"":40,""get_out_of_jail_cards"":0,""properties"":[]}",5,0,False,0
trade-0063,OpenAI GPT 5.5,Claude Opus 4.8,mock-83265-81ed4937-evt-003360,3360,144,mock-83265-81ed4937-evt-003365,3365,144,REJECTED,False,0,0,1,"{""cash"":0,""get_out_of_jail_cards"":0,""properties"":[""ELECTRIC_COMPANY""]}","{""cash"":60,""get_out_of_jail_cards"":0,""properties"":[]}","{""cash"":0,""get_out_of_jail_cards"":0,""properties"":[""ELECTRIC_COMPANY""]}","{""cash"":60,""get_out_of_jail_cards"":0,""properties"":[]}",5,0,False,0
trade-0064,OpenAI GPT 5.5,Claude Opus 4.8,mock-83265-81ed4937-evt-003494,3494,157,mock-83265-81ed4937-evt-003499,3499,157,REJECTED,False,0,0,1,"{""cash"":0,""get_out_of_jail_cards"":1,""properties"":[]}","{""cash"":100,""get_out_of_jail_cards"":0,""properties"":[]}","{""cash"":0,""get_out_of_jail_cards"":1,""properties"":[]}","{""cash"":100,""get_out_of_jail_cards"":0,""properties"":[]}",5,0,False,0
trade-0065,OpenAI GPT 5.5,Claude Opus 4.8,mock-83265-81ed4937-evt-003504,3504,157,mock-83265-81ed4937-evt-003509,3509,157,REJECTED,False,0,0,1,"{""cash"":0,""get_out_of_jail_cards"":1,""properties"":[]}","{""cash"":50,""get_out_of_jail_cards"":0,""properties"":[]}","{""cash"":0,""get_out_of_jail_cards"":1,""properties"":[]}","{""cash"":50,""get_out_of_jail_cards"":0,""properties"":[]}",5,0,False,0
trade-0066,OpenAI GPT 5.5,Claude Opus 4.8,mock-83265-81ed4937-evt-003538,3538,160,mock-83265-81ed4937-evt-003543,3543,160,REJECTED,False,0,0,1,"{""cash"":0,""get_out_of_jail_cards"":1,""properties"":[]}","{""cash"":0,""get_out_of_jail_cards"":0,""properties"":[""TENNESSEE_AVENUE""]}","{""cash"":0,""get_out_of_jail_cards"":1,""properties"":[]}","{""cash"":0,""get_out_of_jail_cards"":0,""properties"":[""TENNESSEE_AVENUE""]}",5,0,False,0
trade-0067,OpenAI GPT 5.5,Claude Opus 4.8,mock-83265-81ed4937-evt-003606,3606,165,mock-83265-81ed4937-evt-003611,3611,165,REJECTED,False,0,0,1,"{""cash"":0,""get_out_of_jail_cards"":1,""properties"":[""PARK_PLACE"",""BOARDWALK""]}","{""cash"":300,""get_out_of_jail_cards"":0,""properties"":[]}","{""cash"":0,""get_out_of_jail_cards"":1,""properties"":[""PARK_PLACE"",""BOARDWALK""]}","{""cash"":300,""get_out_of_jail_cards"":0,""properties"":[]}",5,0,False,0
trade-0068,OpenAI GPT 5.5,Claude Opus 4.8,mock-83265-81ed4937-evt-003632,3632,167,mock-83265-81ed4937-evt-003637,3637,167,REJECTED,False,0,0,1,"{""cash"":0,""get_out_of_jail_cards"":1,""properties"":[""INDIANA_AVENUE"",""PARK_PLACE"",""BOARDWALK""]}","{""cash"":550,""get_out_of_jail_cards"":0,""properties"":[]}","{""cash"":0,""get_out_of_jail_cards"":1,""properties"":[""INDIANA_AVENUE"",""PARK_PLACE"",""BOARDWALK""]}","{""cash"":550,""get_out_of_jail_cards"":0,""properties"":[]}",5,0,False,0
trade-0069,OpenAI GPT 5.5,Claude Opus 4.8,mock-83265-81ed4937-evt-003642,3642,167,mock-83265-81ed4937-evt-003647,3647,167,REJECTED,False,0,0,1,"{""cash"":0,""get_out_of_jail_cards"":1,""properties"":[""READING_RAILROAD"",""ELECTRIC_COMPANY"",""PENNSYLVANIA_RAILROAD"",""ST_JAMES_PLACE"",""NEW_YORK_AVENUE"",""INDIANA_AVENUE"",""ATLANTIC_AVENUE"",""VENTNOR_AVENUE"",""WATER_WORKS"",""MARVIN_GARDENS"",""SHORT_LINE"",""PARK_PLACE"",""BOARDWALK""]}","{""cash"":550,""get_out_of_jail_cards"":0,""properties"":[]}","{""cash"":0,""get_out_of_jail_cards"":1,""properties"":[""READING_RAILROAD"",""ELECTRIC_COMPANY"",""PENNSYLVANIA_RAILROAD"",""ST_JAMES_PLACE"",""NEW_YORK_AVENUE"",""INDIANA_AVENUE"",""ATLANTIC_AVENUE"",""VENTNOR_AVENUE"",""WATER_WORKS"",""MARVIN_GARDENS"",""SHORT_LINE"",""PARK_PLACE"",""BOARDWALK""]}","{""cash"":550,""get_out_of_jail_cards"":0,""properties"":[]}",5,0,False,0
